5
6
8
75
76
79
82
81
84
101
90
106
88
96
102
87
92
94
97
93
95
103
137
119
114
131
141
116
128
111
121
126
118
130
113
122
149
117
146
127
129
140
133
125
148
123
124
135
145
155
156
165
160
180
175
195
173
171
164
186
163
168
162
169
170
185
187
2
197
181
176
167
174
179
189
199
178
183
184
196
4
198
192
191
5
7
10
20
31
36
25
14
37
40
21
17
24
13
29
23
26
39
35
32
34
38
45
42
43
46
48
50
51
78
52
100
67
55
57
58
62
68
64
69
70
77
74
80
83
89
91
98
99
109
110
134
138
161
150
159
190
147
142
152
151
157
172
177
9
10
107
108
115
144
0
59
120
